Au0	Al0		Au1		Au2	t_spar	t_spar_box	_rib	h_skin		n_ribs		Weight		Lift		Drag		MaxMises		DispTip		EigenValue	Velocity
0.2001	0.1426	0.3358	-0.3133	0.0068	0.0061	0.0046	0.0018	19	4670.3135	4801.3993	197.5293	58170760.00	0.3379		3.6631	15.2250
0.2707	0.0720	0.1944	-0.1719	0.0068	0.0061	0.0046	0.0018	19	4660.2876	5601.4784	201.5938	79325016.00	0.4670		3.0082	17.6250
0.2047	0.1380	0.2472	-0.2247	0.0068	0.0061	0.0046	0.0018	19	4661.2821	0.0000	0.0000	0.00	0.0000		0.0000	30.0000
0.2405	0.1022	0.1941	-0.1716	0.0068	0.0061	0.0046	0.0018	19	4658.5056	4654.7560	165.4106	65811396.00	0.3934		3.5913	16.3000
0.3007	0.0420	0.2774	-0.2549	0.0068	0.0061	0.0046	0.0018	19	4670.0839	5233.0718	219.2662	65547900.00	0.3753		3.3306	15.9000
0.2035	0.1392	-0.0720	0.0945	0.0068	0.0061	0.0046	0.0018	19	4651.8489	4649.5505	128.3811	75022152.00	0.4599		2.8155	21.8500
0.1454	0.1973	-0.0682	0.0907	0.0068	0.0061	0.0046	0.0018	19	4651.8556	4651.4004	134.2230	72561816.00	0.4526		2.8947	22.7750
0.2559	0.0868	0.3932	-0.3707	0.0068	0.0061	0.0046	0.0018	19	4680.5406	19384.0147	841.9270	250261216.00	1.2552		0.9757	29.0250
0.2511	0.0916	0.2759	-0.2534	0.0068	0.0061	0.0046	0.0018	19	4666.0643	5551.8865	214.9879	72758696.00	0.4263		3.5823	16.7000
0.2996	0.0431	0.0814	-0.0589	0.0068	0.0061	0.0046	0.0018	19	4656.6312	4655.1153	161.9296	70651920.00	0.4177		2.7385	17.4000
0.2545	0.0882	0.0659	-0.0434	0.0068	0.0061	0.0046	0.0018	19	4653.1455	9394.7634	288.2374	144746032.00	0.8773		1.2740	25.6250
0.2521	0.0906	0.1897	-0.1672	0.0068	0.0061	0.0046	0.0018	19	4658.8079	11940.0104	416.1467	169665824.00	1.0089		1.3828	26.0250
0.2981	0.0446	0.2027	-0.1802	0.0068	0.0061	0.0046	0.0018	19	4663.0502	4662.7354	181.4132	64154896.00	0.3728		3.8161	15.8250
0.2297	0.1130	-0.0452	0.0677	0.0068	0.0061	0.0046	0.0018	19	4651.7791	0.0000	0.0000	0.00	0.0000		0.0000	30.0000
0.1892	0.1535	0.1884	-0.1659	0.0068	0.0061	0.0046	0.0018	19	4656.3903	4642.9508	163.2541	64571172.00	0.3965		3.5171	16.7250
0.2981	0.0446	0.2027	-0.1802	0.0068	0.0061	0.0046	0.0018	19	4663.0502	4662.7354	181.4132	64154896.00	0.3728		3.8161	15.8250
0.2981	0.0446	0.2027	-0.1802	0.0068	0.0061	0.0046	0.0018	19	4663.0502	4662.7354	181.4132	64154896.00	0.3728		3.8161	15.8250
0.2185	0.1242	0.2027	-0.1802	0.0068	0.0061	0.0046	0.0018	19	4658.1708	4656.3057	166.4665	64474568.00	0.3891		3.7092	16.3500
0.2981	0.0446	0.2027	-0.1802	0.0068	0.0061	0.0046	0.0018	19	4663.0502	4662.7354	181.4132	64154896.00	0.3728		3.8161	15.8250
0.2981	0.0446	0.2027	-0.1802	0.0068	0.0061	0.0046	0.0018	19	4663.0502	4662.7354	181.4132	64154896.00	0.3728		3.8161	15.8250
0.2981	0.0446	0.2563	-0.2338	0.0068	0.0061	0.0046	0.0018	19	4667.6489	4660.5361	191.1337	60255080.00	0.3470		3.6349	15.2500
0.1522	0.1905	0.2027	-0.1802	0.0068	0.0061	0.0046	0.0018	19	4657.1272	4649.8104	167.3702	62692160.00	0.3889		3.7295	16.8250
0.2133	0.1294	0.4081	-0.3856	0.0068	0.0061	0.0046	0.0018	19	4680.3459	5808.8372	260.7157	74360096.00	0.3618		3.4025	15.9750
0.2981	0.0446	0.0019	0.0206	0.0068	0.0061	0.0046	0.0018	19	4655.1478	5249.8580	162.6455	83330304.00	0.5000		2.2930	19.9250
0.2981	0.0446	0.2027	-0.1802	0.0068	0.0061	0.0046	0.0018	19	4663.0502	4662.7354	181.4132	64154896.00	0.3728		3.8161	15.8250
0.2981	0.0446	0.2027	-0.1802	0.0068	0.0061	0.0046	0.0018	19	4663.0502	4662.7354	181.4132	64154896.00	0.3728		3.8161	15.8250
0.2981	0.0446	0.2027	-0.1802	0.0068	0.0061	0.0046	0.0018	19	4663.0502	4662.7354	181.4132	64154896.00	0.3728		3.8161	15.8250
0.2981	0.0446	0.2027	-0.1802	0.0068	0.0061	0.0046	0.0018	19	4663.0502	4662.7354	181.4132	64154896.00	0.3728		3.8161	15.8250
0.2981	0.0446	0.2027	-0.1802	0.0068	0.0061	0.0046	0.0018	19	4663.0502	4662.7354	181.4132	64154896.00	0.3728		3.8161	15.8250
0.2981	0.0446	0.2027	-0.1802	0.0068	0.0061	0.0046	0.0018	19	4663.0502	4662.7354	181.4132	64154896.00	0.3728		3.8161	15.8250
0.2981	0.0446	0.2027	-0.1802	0.0068	0.0061	0.0046	0.0018	19	4663.0502	4662.7354	181.4132	64154896.00	0.3728		3.8161	15.8250
0.2981	0.0446	0.2563	-0.2338	0.0068	0.0061	0.0046	0.0018	19	4667.6489	4660.5361	191.1337	60255080.00	0.3470		3.6349	15.2500
0.2981	0.0446	0.2563	-0.2338	0.0068	0.0061	0.0046	0.0018	19	4667.6489	4660.5361	191.1337	60255080.00	0.3470		3.6349	15.2500
0.2981	0.0446	0.2563	-0.2338	0.0068	0.0061	0.0046	0.0018	19	4667.6489	4660.5361	191.1337	60255080.00	0.3470		3.6349	15.2500
0.2981	0.0446	0.2563	-0.2338	0.0068	0.0061	0.0046	0.0018	19	4667.6489	4660.5361	191.1337	60255080.00	0.3470		3.6349	15.2500
0.2981	0.0446	0.2563	-0.2338	0.0068	0.0061	0.0046	0.0018	19	4667.6489	4660.5361	191.1337	60255080.00	0.3470		3.6349	15.2500
0.1919	0.1508	0.1845	-0.1620	0.0068	0.0061	0.0046	0.0018	19	4656.1849	8044.5533	277.1151	112762992.00	0.6915		1.9984	22.0250
0.2981	0.0446	0.2563	-0.2338	0.0068	0.0061	0.0046	0.0018	19	4667.6489	4660.5361	191.1337	60255080.00	0.3470		3.6349	15.2500
0.2981	0.0446	0.2563	-0.2338	0.0068	0.0061	0.0046	0.0018	19	4667.6489	4660.5361	191.1337	60255080.00	0.3470		3.6349	15.2500
0.2981	0.0446	0.3222	-0.2997	0.0068	0.0061	0.0046	0.0018	19	4674.8025	4669.6224	206.2407	54744596.00	0.3114		3.9602	14.6500
0.2981	0.0446	0.1120	-0.0895	0.0068	0.0061	0.0046	0.0018	19	4657.6485	4648.4394	165.9822	69146368.00	0.4071		2.9013	16.9500
0.2974	0.0453	0.3001	-0.2776	0.0068	0.0061	0.0046	0.0018	19	4672.1981	4669.4775	200.7952	56674880.00	0.3236		3.8359	14.8500
0.2981	0.0446	0.2563	-0.2338	0.0068	0.0061	0.0046	0.0018	19	4667.6489	4660.5361	191.1337	60255080.00	0.3470		3.6349	15.2500
0.2981	0.0446	0.2563	-0.2338	0.0068	0.0061	0.0046	0.0018	19	4667.6489	4660.5361	191.1337	60255080.00	0.3470		3.6349	15.2500
0.2981	0.0446	0.2563	-0.2338	0.0068	0.0061	0.0046	0.0018	19	4667.6489	4660.5361	191.1337	60255080.00	0.3470		3.6349	15.2500
0.2981	0.0446	0.2563	-0.2338	0.0068	0.0061	0.0046	0.0018	19	4667.6489	4660.5361	191.1337	60255080.00	0.3470		3.6349	15.2500
0.2981	0.0446	0.2563	-0.2338	0.0068	0.0061	0.0046	0.0018	19	4667.6489	4660.5361	191.1337	60255080.00	0.3470		3.6349	15.2500
0.2974	0.0453	-0.0502	0.0727	0.0068	0.0061	0.0046	0.0018	19	4655.4656	6536.1457	197.0781	106732792.00	0.6399		1.9677	23.5500
0.2354	0.1073	0.3001	-0.2776	0.0068	0.0061	0.0046	0.0018	19	4667.7228	10122.1847	395.0463	129145216.00	0.7594		2.0393	22.3250
0.1703	0.1724	0.3001	-0.2776	0.0068	0.0061	0.0046	0.0018	19	4665.7331	4661.3941	184.2711	57413224.00	0.3493		5.1472	15.5500
0.2974	0.0453	0.3001	-0.2776	0.0068	0.0061	0.0046	0.0018	19	4672.1981	4669.4775	200.7952	56674880.00	0.3236		3.8359	14.8500
0.2974	0.0453	0.3001	-0.2776	0.0068	0.0061	0.0046	0.0018	19	4672.1981	4669.4775	200.7952	56674880.00	0.3236		3.8359	14.8500
0.2974	0.0453	0.3167	-0.2942	0.0068	0.0061	0.0046	0.0018	19	4674.0831	4668.5154	204.7101	55235008.00	0.3146		3.9268	14.7000
0.2974	0.0453	0.3001	-0.2776	0.0068	0.0061	0.0046	0.0018	19	4672.1981	4669.4775	200.7952	56674880.00	0.3236		3.8359	14.8500
0.2974	0.0453	0.3001	-0.2776	0.0068	0.0061	0.0046	0.0018	19	4672.1981	4669.4775	200.7952	56674880.00	0.3236		3.8359	14.8500
0.2974	0.0453	0.3001	-0.2776	0.0068	0.0061	0.0046	0.0018	19	4672.1981	4669.4775	200.7952	56674880.00	0.3236		3.8359	14.8500
0.2974	0.0453	0.3001	-0.2776	0.0068	0.0061	0.0046	0.0018	19	4672.1981	4669.4775	200.7952	56674880.00	0.3236		3.8359	14.8500
0.2974	0.0453	0.3001	-0.2776	0.0068	0.0061	0.0046	0.0018	19	4672.1981	4669.4775	200.7952	56674880.00	0.3236		3.8359	14.8500
0.2980	0.0447	0.3001	-0.2776	0.0068	0.0061	0.0046	0.0018	19	4672.2553	4671.2549	200.9612	56666464.00	0.3235		3.8371	14.8500
0.2974	0.0453	0.3001	-0.2776	0.0068	0.0061	0.0046	0.0018	19	4672.1981	4669.4775	200.7952	56674880.00	0.3236		3.8359	14.8500
0.2974	0.0453	0.3001	-0.2776	0.0068	0.0061	0.0046	0.0018	19	4672.1981	4669.4775	200.7952	56674880.00	0.3236		3.8359	14.8500
0.2974	0.0453	0.3001	-0.2776	0.0068	0.0061	0.0046	0.0018	19	4672.1981	4669.4775	200.7952	56674880.00	0.3236		3.8359	14.8500
0.2974	0.0453	0.3001	-0.2776	0.0068	0.0061	0.0046	0.0018	19	4672.1981	4669.4775	200.7952	56674880.00	0.3236		3.8359	14.8500
0.2974	0.0453	0.3001	-0.2776	0.0068	0.0061	0.0046	0.0018	19	4672.1981	4669.4775	200.7952	56674880.00	0.3236		3.8359	14.8500
0.2947	0.0480	-0.0202	0.0427	0.0068	0.0061	0.0046	0.0018	19	4654.9215	4644.0731	139.0423	74551192.00	0.4492		2.6052	19.2500
0.2974	0.0453	0.3001	-0.2776	0.0068	0.0061	0.0046	0.0018	19	4672.1981	4669.4775	200.7952	56674880.00	0.3236		3.8359	14.8500
0.2130	0.1297	0.3001	-0.2776	0.0068	0.0061	0.0046	0.0018	19	4666.7304	16916.2169	649.6968	216455760.00	1.2891		1.4177	29.1000
0.2974	0.0453	0.3001	-0.2776	0.0068	0.0061	0.0046	0.0018	19	4672.1981	4669.4775	200.7952	56674880.00	0.3236		3.8359	14.8500
0.2974	0.0453	0.3001	-0.2776	0.0068	0.0061	0.0046	0.0018	19	4672.1981	4669.4775	200.7952	56674880.00	0.3236		3.8359	14.8500
0.2974	0.0453	0.3001	-0.2776	0.0068	0.0061	0.0046	0.0018	19	4672.1981	4669.4775	200.7952	56674880.00	0.3236		3.8359	14.8500
0.2974	0.0453	0.3001	-0.2776	0.0068	0.0061	0.0046	0.0018	19	4672.1981	4669.4775	200.7952	56674880.00	0.3236		3.8359	14.8500
0.2974	0.0453	0.3001	-0.2776	0.0068	0.0061	0.0046	0.0018	19	4672.1981	4669.4775	200.7952	56674880.00	0.3236		3.8359	14.8500
0.2564	0.0863	0.3001	-0.2776	0.0068	0.0061	0.0046	0.0018	19	4668.9205	5906.6885	234.9619	75444000.00	0.4394		2.8516	16.9250
0.2974	0.0453	0.3001	-0.2776	0.0068	0.0061	0.0046	0.0018	19	4672.1981	4669.4775	200.7952	56674880.00	0.3236		3.8359	14.8500
0.2974	0.0453	-0.0327	0.0552	0.0068	0.0061	0.0046	0.0018	19	4655.2275	6221.6537	190.0947	100423800.00	0.6036		1.9705	22.5250
0.2974	0.0453	0.3001	-0.2776	0.0068	0.0061	0.0046	0.0018	19	4672.1981	4669.4775	200.7952	56674880.00	0.3236		3.8359	14.8500
0.2974	0.0453	0.3001	-0.2776	0.0068	0.0061	0.0046	0.0018	19	4672.1981	4669.4775	200.7952	56674880.00	0.3236		3.8359	14.8500
0.2974	0.0453	0.3001	-0.2776	0.0068	0.0061	0.0046	0.0018	19	4672.1981	4669.4775	200.7952	56674880.00	0.3236		3.8359	14.8500
0.2974	0.0453	0.3001	-0.2776	0.0068	0.0061	0.0046	0.0018	19	4672.1981	4669.4775	200.7952	56674880.00	0.3236		3.8359	14.8500
0.2832	0.0595	0.3001	-0.2776	0.0068	0.0061	0.0046	0.0018	19	4670.8578	4666.8275	197.9123	57128232.00	0.3285		3.7912	14.9250
0.2974	0.0453	0.3001	-0.2776	0.0068	0.0061	0.0046	0.0018	19	4672.1981	4669.4775	200.7952	56674880.00	0.3236		3.8359	14.8500
0.2974	0.0453	0.3001	-0.2776	0.0068	0.0061	0.0046	0.0018	19	4672.1981	4669.4775	200.7952	56674880.00	0.3236		3.8359	14.8500
0.2910	0.0517	0.3001	-0.2776	0.0068	0.0061	0.0046	0.0018	19	4671.6212	4662.8196	199.4324	56717292.00	0.3249		3.8270	14.8750
0.2974	0.0453	0.3001	-0.2776	0.0068	0.0061	0.0046	0.0018	19	4672.1981	4669.4775	200.7952	56674880.00	0.3236		3.8359	14.8500
0.2974	0.0453	0.3001	-0.2776	0.0068	0.0061	0.0046	0.0018	19	4672.1981	4669.4775	200.7952	56674880.00	0.3236		3.8359	14.8500
0.2974	0.0453	0.3001	-0.2776	0.0068	0.0061	0.0046	0.0018	19	4672.1981	4669.4775	200.7952	56674880.00	0.3236		3.8359	14.8500
0.2974	0.0453	0.3001	-0.2776	0.0068	0.0061	0.0046	0.0018	19	4672.1981	4669.4775	200.7952	56674880.00	0.3236		3.8359	14.8500
0.2974	0.0453	0.3001	-0.2776	0.0068	0.0061	0.0046	0.0018	19	4672.1981	4669.4775	200.7952	56674880.00	0.3236		3.8359	14.8500
0.2974	0.0453	0.3001	-0.2776	0.0068	0.0061	0.0046	0.0018	19	4672.1981	4669.4775	200.7952	56674880.00	0.3236		3.8359	14.8500
0.2974	0.0453	0.3001	-0.2776	0.0068	0.0061	0.0046	0.0018	19	4672.1981	4669.4775	200.7952	56674880.00	0.3236		3.8359	14.8500
0.2974	0.0453	0.3001	-0.2776	0.0068	0.0061	0.0046	0.0018	19	4672.1981	4669.4775	200.7952	56674880.00	0.3236		3.8359	14.8500
0.2974	0.0453	0.3001	-0.2776	0.0068	0.0061	0.0046	0.0018	19	4672.1981	4669.4775	200.7952	56674880.00	0.3236		3.8359	14.8500
0.2882	0.0545	0.3001	-0.2776	0.0068	0.0061	0.0046	0.0018	19	4671.2752	4669.0743	199.2587	56903092.00	0.3264		3.8121	14.9000
0.2974	0.0453	0.3001	-0.2776	0.0068	0.0061	0.0046	0.0018	19	4672.1981	4669.4775	200.7952	56674880.00	0.3236		3.8359	14.8500
0.2974	0.0453	0.3001	-0.2776	0.0068	0.0061	0.0046	0.0018	19	4672.1981	4669.4775	200.7952	56674880.00	0.3236		3.8359	14.8500
0.2882	0.0545	0.3001	-0.2776	0.0068	0.0061	0.0046	0.0018	19	4671.2752	4669.0743	199.2587	56903092.00	0.3264		3.8121	14.9000
0.2832	0.0595	0.2459	-0.2234	0.0068	0.0061	0.0046	0.0018	19	4665.4046	5335.0943	213.2782	69947888.00	0.4069		3.6437	16.5000
0.2832	0.0595	0.3001	-0.2776	0.0068	0.0061	0.0046	0.0018	19	4670.8578	4666.8275	197.9123	57128232.00	0.3285		3.7912	14.9250
0.2832	0.0595	0.0513	-0.0288	0.0068	0.0061	0.0046	0.0018	19	4654.5771	8750.5991	277.2286	135950832.00	0.8141		1.3789	24.7000
0.2882	0.0545	0.3001	-0.2776	0.0068	0.0061	0.0046	0.0018	19	4671.2752	4669.0743	199.2587	56903092.00	0.3264		3.8121	14.9000
0.2832	0.0595	0.3001	-0.2776	0.0068	0.0061	0.0046	0.0018	19	4670.8578	4666.8275	197.9123	57128232.00	0.3285		3.7912	14.9250
0.2882	0.0545	0.3001	-0.2776	0.0068	0.0061	0.0046	0.0018	19	4671.2752	4669.0743	199.2587	56903092.00	0.3264		3.8121	14.9000
0.2882	0.0545	0.4070	-0.3845	0.0068	0.0061	0.0046	0.0018	19	4685.1600	5489.5656	266.0941	65711184.00	0.3181		3.8451	15.1750
0.2882	0.0545	0.3001	-0.2776	0.0068	0.0061	0.0046	0.0018	19	4671.2752	4669.0743	199.2587	56903092.00	0.3264		3.8121	14.9000
0.2882	0.0545	0.3001	-0.2776	0.0068	0.0061	0.0046	0.0018	19	4671.2752	4669.0743	199.2587	56903092.00	0.3264		3.8121	14.9000
0.2882	0.0545	0.3001	-0.2776	0.0068	0.0061	0.0046	0.0018	19	4671.2752	4669.0743	199.2587	56903092.00	0.3264		3.8121	14.9000
0.2882	0.0545	0.3001	-0.2776	0.0068	0.0061	0.0046	0.0018	19	4671.2752	4669.0743	199.2587	56903092.00	0.3264		3.8121	14.9000
0.2882	0.0545	0.2302	-0.2077	0.0068	0.0061	0.0046	0.0018	19	4664.4238	4656.0258	184.6280	62189388.00	0.3618		4.0679	15.5750
0.2832	0.0595	0.3001	-0.2776	0.0068	0.0061	0.0046	0.0018	19	4670.8578	4666.8275	197.9123	57128232.00	0.3285		3.7912	14.9250
0.2832	0.0595	0.3001	-0.2776	0.0068	0.0061	0.0046	0.0018	19	4670.8578	4666.8275	197.9123	57128232.00	0.3285		3.7912	14.9250
0.2832	0.0595	0.3001	-0.2776	0.0068	0.0061	0.0046	0.0018	19	4670.8578	4666.8275	197.9123	57128232.00	0.3285		3.7912	14.9250
0.2832	0.0595	0.3001	-0.2776	0.0068	0.0061	0.0046	0.0018	19	4670.8578	4666.8275	197.9123	57128232.00	0.3285		3.7912	14.9250
0.2832	0.0595	0.3001	-0.2776	0.0068	0.0061	0.0046	0.0018	19	4670.8578	4666.8275	197.9123	57128232.00	0.3285		3.7912	14.9250
0.2364	0.1063	0.3001	-0.2776	0.0068	0.0061	0.0046	0.0018	19	4667.7734	8272.5511	324.2697	105138224.00	0.6179		2.5061	20.1750
0.2832	0.0595	0.1091	-0.0866	0.0068	0.0061	0.0046	0.0018	19	4656.3473	5389.5251	188.4461	80286472.00	0.4761		2.4666	18.4000
0.2832	0.0595	0.3001	-0.2776	0.0068	0.0061	0.0046	0.0018	19	4670.8578	4666.8275	197.9123	57128232.00	0.3285		3.7912	14.9250
0.2832	0.0595	0.3001	-0.2776	0.0068	0.0061	0.0046	0.0018	19	4670.8578	4666.8275	197.9123	57128232.00	0.3285		3.7912	14.9250
0.2832	0.0595	0.3001	-0.2776	0.0068	0.0061	0.0046	0.0018	19	4670.8578	4666.8275	197.9123	57128232.00	0.3285		3.7912	14.9250
0.2832	0.0595	0.3001	-0.2776	0.0068	0.0061	0.0046	0.0018	19	4670.8578	4666.8275	197.9123	57128232.00	0.3285		3.7912	14.9250
0.2566	0.0861	0.3001	-0.2776	0.0068	0.0061	0.0046	0.0018	19	4668.9369	16547.1754	647.3921	214032608.00	1.2462		1.0053	28.3250
0.2837	0.0590	0.3001	-0.2776	0.0068	0.0061	0.0046	0.0018	19	4670.9003	4669.3924	198.1265	57125388.00	0.3285		3.7920	14.9250
0.2832	0.0595	0.3001	-0.2776	0.0068	0.0061	0.0046	0.0018	19	4670.8578	4666.8275	197.9123	57128232.00	0.3285		3.7912	14.9250
0.2832	0.0595	0.3001	-0.2776	0.0068	0.0061	0.0046	0.0018	19	4670.8578	4666.8275	197.9123	57128232.00	0.3285		3.7912	14.9250
0.2832	0.0595	0.3001	-0.2776	0.0068	0.0061	0.0046	0.0018	19	4670.8578	4666.8275	197.9123	57128232.00	0.3285		3.7912	14.9250
0.1731	0.1696	0.3001	-0.2776	0.0068	0.0061	0.0046	0.0018	19	4665.7675	5568.3302	218.8552	68802600.00	0.4180		4.3069	16.9500
0.2832	0.0595	0.3001	-0.2776	0.0068	0.0061	0.0046	0.0018	19	4670.8578	4666.8275	197.9123	57128232.00	0.3285		3.7912	14.9250
0.2832	0.0595	0.3001	-0.2776	0.0068	0.0061	0.0046	0.0018	19	4670.8578	4666.8275	197.9123	57128232.00	0.3285		3.7912	14.9250
0.2837	0.0590	0.2372	-0.2147	0.0068	0.0061	0.0046	0.0018	19	4664.6681	4897.7720	194.6655	64913084.00	0.3773		3.9185	15.9000
0.2837	0.0590	0.3503	-0.3278	0.0068	0.0061	0.0046	0.0018	19	4676.8656	4711.5227	212.1531	54532400.00	0.3021		4.0843	14.5250
0.2348	0.1079	0.3001	-0.2776	0.0068	0.0061	0.0046	0.0018	19	4667.6921	11067.9555	431.1743	141139104.00	0.8319		2.2042	23.3500
0.1731	0.1696	0.3001	-0.2776	0.0068	0.0061	0.0046	0.0018	19	4665.7669	5551.5856	218.2149	68590040.00	0.4167		4.3201	16.9250
0.2837	0.0590	0.3001	-0.2776	0.0068	0.0061	0.0046	0.0018	19	4670.9003	4669.3924	198.1265	57125388.00	0.3285		3.7920	14.9250
0.2837	0.0590	0.3001	-0.2776	0.0068	0.0061	0.0046	0.0018	19	4670.9003	4669.3924	198.1265	57125388.00	0.3285		3.7920	14.9250
0.2359	0.1068	0.3001	-0.2776	0.0068	0.0061	0.0046	0.0018	19	4667.7452	5414.3448	214.1781	68170968.00	0.4008		3.8633	16.3250
0.2837	0.0590	0.3001	-0.2776	0.0068	0.0061	0.0046	0.0018	19	4670.9003	4669.3924	198.1265	57125388.00	0.3285		3.7920	14.9250
0.2837	0.0590	0.3001	-0.2776	0.0068	0.0061	0.0046	0.0018	19	4670.9003	4669.3924	198.1265	57125388.00	0.3285		3.7920	14.9250
0.2837	0.0590	0.3001	-0.2776	0.0068	0.0061	0.0046	0.0018	19	4670.9003	4669.3924	198.1265	57125388.00	0.3285		3.7920	14.9250
0.2837	0.0590	0.3001	-0.2776	0.0068	0.0061	0.0046	0.0018	19	4670.9003	4669.3924	198.1265	57125388.00	0.3285		3.7920	14.9250
0.3002	0.0425	0.3001	-0.2776	0.0068	0.0061	0.0046	0.0018	19	4672.4654	4662.5992	201.0189	56467728.00	0.3222		3.8495	14.8250
0.2837	0.0590	0.3001	-0.2776	0.0068	0.0061	0.0046	0.0018	19	4670.9003	4669.3924	198.1265	57125388.00	0.3285		3.7920	14.9250
0.2837	0.0590	0.3001	-0.2776	0.0068	0.0061	0.0046	0.0018	19	4670.9003	4669.3924	198.1265	57125388.00	0.3285		3.7920	14.9250
0.2837	0.0590	0.3001	-0.2776	0.0068	0.0061	0.0046	0.0018	19	4670.9003	4669.3924	198.1265	57125388.00	0.3285		3.7920	14.9250
0.2837	0.0590	0.3001	-0.2776	0.0068	0.0061	0.0046	0.0018	19	4670.9003	4669.3924	198.1265	57125388.00	0.3285		3.7920	14.9250
0.2837	0.0590	0.2173	-0.1948	0.0068	0.0061	0.0046	0.0018	19	4662.9929	4976.0470	193.8628	67595320.00	0.3941		3.7094	16.2500
0.2798	0.0629	-0.0455	0.0680	0.0068	0.0061	0.0046	0.0018	19	4654.1553	4857.3080	138.4467	79410256.00	0.4788		2.5276	20.4250
0.1889	0.1538	0.3001	-0.2776	0.0068	0.0061	0.0046	0.0018	19	4666.0038	4652.3918	183.7525	58134768.00	0.3504		5.1742	15.4250
0.2837	0.0590	0.3001	-0.2776	0.0068	0.0061	0.0046	0.0018	19	4670.9003	4669.3924	198.1265	57125388.00	0.3285		3.7920	14.9250
0.2837	0.0590	0.3001	-0.2776	0.0068	0.0061	0.0046	0.0018	19	4670.9003	4669.3924	198.1265	57125388.00	0.3285		3.7920	14.9250
0.2837	0.0590	0.3001	-0.2776	0.0068	0.0061	0.0046	0.0018	19	4670.9003	4669.3924	198.1265	57125388.00	0.3285		3.7920	14.9250
0.2837	0.0590	0.3001	-0.2776	0.0068	0.0061	0.0046	0.0018	19	4670.9003	4669.3924	198.1265	57125388.00	0.3285		3.7920	14.9250
0.2837	0.0590	0.3001	-0.2776	0.0068	0.0061	0.0046	0.0018	19	4670.9003	4669.3924	198.1265	57125388.00	0.3285		3.7920	14.9250
0.2837	0.0590	0.3001	-0.2776	0.0068	0.0061	0.0046	0.0018	19	4670.9003	4669.3924	198.1265	57125388.00	0.3285		3.7920	14.9250
0.2837	0.0590	0.3001	-0.2776	0.0068	0.0061	0.0046	0.0018	19	4670.9003	4669.3924	198.1265	57125388.00	0.3285		3.7920	14.9250
0.2084	0.1343	0.3001	-0.2776	0.0068	0.0061	0.0046	0.0018	19	4666.5610	4751.8706	187.9293	59246616.00	0.3537		5.1592	15.4500
0.2837	0.0590	0.2404	-0.2179	0.0068	0.0061	0.0046	0.0018	19	4664.9477	5028.2697	200.3240	66275288.00	0.3858		3.8334	16.0750
0.2443	0.0984	0.2509	-0.2284	0.0068	0.0061	0.0046	0.0018	19	4663.2867	16183.9795	596.7567	219476848.00	1.2954		1.1627	29.0750
0.2291	0.1136	0.3814	-0.3589	0.0068	0.0061	0.0046	0.0018	19	4677.3239	4887.5680	213.3093	60925924.00	0.3139		3.8930	14.8000
0.2837	0.0590	0.3001	-0.2776	0.0068	0.0061	0.0046	0.0018	19	4670.9003	4669.3924	198.1265	57125388.00	0.3285		3.7920	14.9250
0.2837	0.0590	0.3001	-0.2776	0.0068	0.0061	0.0046	0.0018	19	4670.9003	4669.3924	198.1265	57125388.00	0.3285		3.7920	14.9250
0.2837	0.0590	0.3001	-0.2776	0.0068	0.0061	0.0046	0.0018	19	4670.9003	4669.3924	198.1265	57125388.00	0.3285		3.7920	14.9250
0.2837	0.0590	0.3001	-0.2776	0.0068	0.0061	0.0046	0.0018	19	4670.9003	4669.3924	198.1265	57125388.00	0.3285		3.7920	14.9250
0.2837	0.0590	0.3001	-0.2776	0.0068	0.0061	0.0046	0.0018	19	4670.9003	4669.3924	198.1265	57125388.00	0.3285		3.7920	14.9250
0.1976	0.1451	0.3001	-0.2776	0.0068	0.0061	0.0046	0.0018	19	4666.2169	4820.6398	190.3896	60107596.00	0.3607		5.0409	15.6250
0.2837	0.0590	0.3001	-0.2776	0.0068	0.0061	0.0046	0.0018	19	4670.9003	4669.3924	198.1265	57125388.00	0.3285		3.7920	14.9250
0.2837	0.0590	-0.0328	0.0553	0.0068	0.0061	0.0046	0.0018	19	4654.2398	0.0000	0.0000	0.00	0.0000		0.0000	30.0000
0.2837	0.0590	0.3001	-0.2776	0.0068	0.0061	0.0046	0.0018	19	4670.9003	4669.3924	198.1265	57125388.00	0.3285		3.7920	14.9250
0.2837	0.0590	0.3001	-0.2776	0.0068	0.0061	0.0046	0.0018	19	4670.9003	4669.3924	198.1265	57125388.00	0.3285		3.7920	14.9250
0.2837	0.0590	0.4050	-0.3825	0.0068	0.0061	0.0046	0.0018	19	4684.4601	5160.7456	248.4103	62017400.00	0.3019		3.8876	14.7500
0.2837	0.0590	0.3001	-0.2776	0.0068	0.0061	0.0046	0.0018	19	4670.9003	4669.3924	198.1265	57125388.00	0.3285		3.7920	14.9250
0.2837	0.0590	0.3001	-0.2776	0.0068	0.0061	0.0046	0.0018	19	4670.9003	4669.3924	198.1265	57125388.00	0.3285		3.7920	14.9250
0.2837	0.0590	0.4203	-0.3978	0.0068	0.0061	0.0046	0.0018	19	4686.7342	5753.2078	281.5148	69281344.00	0.3257		3.7263	15.4500
0.2837	0.0590	0.3001	-0.2776	0.0068	0.0061	0.0046	0.0018	19	4670.9003	4669.3924	198.1265	57125388.00	0.3285		3.7920	14.9250
0.2837	0.0590	0.3001	-0.2776	0.0068	0.0061	0.0046	0.0018	19	4670.9003	4669.3924	198.1265	57125388.00	0.3285		3.7920	14.9250
0.2837	0.0590	0.3001	-0.2776	0.0068	0.0061	0.0046	0.0018	19	4670.9003	4669.3924	198.1265	57125388.00	0.3285		3.7920	14.9250
0.2837	0.0590	0.3001	-0.2776	0.0068	0.0061	0.0046	0.0018	19	4670.9003	4669.3924	198.1265	57125388.00	0.3285		3.7920	14.9250
0.2837	0.0590	0.3001	-0.2776	0.0068	0.0061	0.0046	0.0018	19	4670.9003	4669.3924	198.1265	57125388.00	0.3285		3.7920	14.9250
0.2837	0.0590	0.3001	-0.2776	0.0068	0.0061	0.0046	0.0018	19	4670.9003	4669.3924	198.1265	57125388.00	0.3285		3.7920	14.9250
0.2837	0.0590	0.3001	-0.2776	0.0068	0.0061	0.0046	0.0018	19	4670.9003	4669.3924	198.1265	57125388.00	0.3285		3.7920	14.9250
0.2837	0.0590	0.3001	-0.2776	0.0068	0.0061	0.0046	0.0018	19	4670.9003	4669.3924	198.1265	57125388.00	0.3285		3.7920	14.9250
0.2837	0.0590	0.3001	-0.2776	0.0068	0.0061	0.0046	0.0018	19	4670.9003	4669.3924	198.1265	57125388.00	0.3285		3.7920	14.9250
0.2724	0.0703	0.3001	-0.2776	0.0068	0.0061	0.0046	0.0018	19	4670.0241	4947.4817	200.2116	62450336.00	0.3609		3.4598	15.4000
0.2837	0.0590	0.3001	-0.2776	0.0068	0.0061	0.0046	0.0018	19	4670.9003	4669.3924	198.1265	57125388.00	0.3285		3.7920	14.9250
0.2837	0.0590	0.3001	-0.2776	0.0068	0.0061	0.0046	0.0018	19	4670.9003	4669.3924	198.1265	57125388.00	0.3285		3.7920	14.9250
0.2837	0.0590	0.3001	-0.2776	0.0068	0.0061	0.0046	0.0018	19	4670.9003	4669.3924	198.1265	57125388.00	0.3285		3.7920	14.9250
0.2837	0.0590	0.0407	-0.0182	0.0068	0.0061	0.0046	0.0018	19	4654.4231	8613.3843	269.4990	134079440.00	0.8064		1.4250	24.7500
0.2837	0.0590	0.3001	-0.2776	0.0068	0.0061	0.0046	0.0018	19	4670.9003	4669.3924	198.1265	57125388.00	0.3285		3.7920	14.9250
0.2837	0.0590	0.3001	-0.2776	0.0068	0.0061	0.0046	0.0018	19	4670.9003	4669.3924	198.1265	57125388.00	0.3285		3.7920	14.9250
0.2719	0.0708	0.3001	-0.2776	0.0068	0.0061	0.0046	0.0018	19	4669.9872	4660.7601	188.4039	59151416.00	0.3420		3.6523	14.9750
0.2149	0.1278	0.2872	-0.2647	0.0068	0.0061	0.0046	0.0018	19	4665.4386	4663.0775	182.0888	59447092.00	0.3546		5.0202	15.4250
0.2762	0.0665	0.3001	-0.2776	0.0068	0.0061	0.0046	0.0018	19	4670.3045	7650.2316	318.1961	94713984.00	0.5465		2.2827	19.1250
0.2837	0.0590	0.3001	-0.2776	0.0068	0.0061	0.0046	0.0018	19	4670.9003	4669.3924	198.1265	57125388.00	0.3285		3.7920	14.9250
0.2719	0.0708	0.1419	-0.1194	0.0068	0.0061	0.0046	0.0018	19	4657.1041	9032.9957	305.8366	133116304.00	0.7896		1.5754	23.3000
0.2719	0.0708	0.3001	-0.2776	0.0068	0.0061	0.0046	0.0018	19	4669.9872	4660.7601	188.4039	59151416.00	0.3420		3.6523	14.9750
0.2719	0.0708	0.3001	-0.2776	0.0068	0.0061	0.0046	0.0018	19	4669.9872	4660.7601	188.4039	59151416.00	0.3420		3.6523	14.9750
0.2719	0.0708	0.3001	-0.2776	0.0068	0.0061	0.0046	0.0018	19	4669.9872	4660.7601	188.4039	59151416.00	0.3420		3.6523	14.9750
0.2719	0.0708	0.3001	-0.2776	0.0068	0.0061	0.0046	0.0018	19	4669.9872	4660.7601	188.4039	59151416.00	0.3420		3.6523	14.9750
0.2719	0.0708	0.3001	-0.2776	0.0068	0.0061	0.0046	0.0018	19	4669.9872	4660.7601	188.4039	59151416.00	0.3420		3.6523	14.9750
0.1734	0.1693	0.3001	-0.2776	0.0068	0.0061	0.0046	0.0018	19	4665.7712	4657.2186	183.9769	57690496.00	0.3504		5.1401	15.5250
0.1561	0.1866	0.3001	-0.2776	0.0068	0.0061	0.0046	0.0018	19	4665.6240	4654.5268	184.3796	56774980.00	0.3457		5.1610	15.6250
0.2719	0.0708	0.0564	-0.0339	0.0068	0.0061	0.0046	0.0018	19	4653.9338	7407.3208	229.1780	115065688.00	0.6923		1.6180	22.7500
0.2719	0.0708	0.3001	-0.2776	0.0068	0.0061	0.0046	0.0018	19	4669.9872	4660.7601	188.4039	59151416.00	0.3420		3.6523	14.9750
0.2719	0.0708	0.3001	-0.2776	0.0068	0.0061	0.0046	0.0018	19	4669.9872	4660.7601	188.4039	59151416.00	0.3420		3.6523	14.9750
0.2719	0.0708	0.3001	-0.2776	0.0068	0.0061	0.0046	0.0018	19	4669.9872	4660.7601	188.4039	59151416.00	0.3420		3.6523	14.9750
0.2694	0.0733	0.3001	-0.2776	0.0068	0.0061	0.0046	0.0018	19	4669.8025	4667.8114	188.1004	59468112.00	0.3442		3.6304	15.0000
0.2719	0.0708	0.3001	-0.2776	0.0068	0.0061	0.0046	0.0018	19	4669.9872	4660.7601	188.4039	59151416.00	0.3420		3.6523	14.9750
0.2719	0.0708	0.3001	-0.2776	0.0068	0.0061	0.0046	0.0018	19	4669.9872	4660.7601	188.4039	59151416.00	0.3420		3.6523	14.9750
0.2719	0.0708	0.3001	-0.2776	0.0068	0.0061	0.0046	0.0018	19	4669.9872	4660.7601	188.4039	59151416.00	0.3420		3.6523	14.9750
0.2694	0.0733	0.3001	-0.2776	0.0068	0.0061	0.0046	0.0018	19	4669.8025	4667.8114	188.1004	59468112.00	0.3442		3.6304	15.0000
0.2694	0.0733	0.1659	-0.1434	0.0068	0.0061	0.0046	0.0018	19	4658.3083	4653.3714	162.7491	67704600.00	0.4006		3.2726	16.4500
0.2694	0.0733	0.3001	-0.2776	0.0068	0.0061	0.0046	0.0018	19	4669.8025	4667.8114	188.1004	59468112.00	0.3442		3.6304	15.0000
0.2694	0.0733	0.3001	-0.2776	0.0068	0.0061	0.0046	0.0018	19	4669.8025	4667.8114	188.1004	59468112.00	0.3442		3.6304	15.0000
0.1604	0.1823	0.3001	-0.2776	0.0068	0.0061	0.0046	0.0018	19	4665.6453	4655.3147	184.5544	56098376.00	0.3421		5.2269	15.6000
0.1693	0.1734	0.3001	-0.2776	0.0068	0.0061	0.0046	0.0018	19	4665.7221	10311.9114	397.5439	128203048.00	0.7804		2.3029	23.1000
0.2694	0.0733	0.3001	-0.2776	0.0068	0.0061	0.0046	0.0018	19	4669.8025	4667.8114	188.1004	59468112.00	0.3442		3.6304	15.0000
0.2694	0.0733	0.3001	-0.2776	0.0068	0.0061	0.0046	0.0018	19	4669.8025	4667.8114	188.1004	59468112.00	0.3442		3.6304	15.0000
0.2694	0.0733	0.3001	-0.2776	0.0068	0.0061	0.0046	0.0018	19	4669.8025	4667.8114	188.1004	59468112.00	0.3442		3.6304	15.0000
0.2694	0.0733	-0.0101	0.0326	0.0068	0.0061	0.0046	0.0018	19	4653.1811	5158.0438	150.1992	82229344.00	0.5000		2.2989	20.3500
0.2694	0.0733	0.3001	-0.2776	0.0068	0.0061	0.0046	0.0018	19	4669.8025	4667.8114	188.1004	59468112.00	0.3442		3.6304	15.0000
0.2694	0.0733	0.3798	-0.3573	0.0068	0.0061	0.0046	0.0018	19	4679.6327	5025.7188	222.0727	62403680.00	0.3215		3.7737	14.8250
0.2694	0.0733	0.3001	-0.2776	0.0068	0.0061	0.0046	0.0018	19	4669.8025	4667.8114	188.1004	59468112.00	0.3442		3.6304	15.0000
0.2694	0.0733	0.3001	-0.2776	0.0068	0.0061	0.0046	0.0018	19	4669.8025	4667.8114	188.1004	59468112.00	0.3442		3.6304	15.0000
0.2694	0.0733	0.3001	-0.2776	0.0068	0.0061	0.0046	0.0018	19	4669.8025	4667.8114	188.1004	59468112.00	0.3442		3.6304	15.0000
0.2694	0.0733	0.3001	-0.2776	0.0068	0.0061	0.0046	0.0018	19	4669.8025	4667.8114	188.1004	59468112.00	0.3442		3.6304	15.0000
0.2694	0.0733	0.3001	-0.2776	0.0068	0.0061	0.0046	0.0018	19	4669.8025	4667.8114	188.1004	59468112.00	0.3442		3.6304	15.0000
0.2694	0.0733	0.3001	-0.2776	0.0068	0.0061	0.0046	0.0018	19	4669.8025	4667.8114	188.1004	59468112.00	0.3442		3.6304	15.0000
0.2694	0.0733	0.3767	-0.3542	0.0068	0.0061	0.0046	0.0018	19	4679.2190	5510.2963	242.1838	68419904.00	0.3551		3.4186	15.5500
0.2694	0.0733	0.3001	-0.2776	0.0068	0.0061	0.0046	0.0018	19	4669.8025	4667.8114	188.1004	59468112.00	0.3442		3.6304	15.0000
0.2694	0.0733	0.3001	-0.2776	0.0068	0.0061	0.0046	0.0018	19	4669.8025	4667.8114	188.1004	59468112.00	0.3442		3.6304	15.0000
0.2694	0.0733	0.3001	-0.2776	0.0068	0.0061	0.0046	0.0018	19	4669.8025	4667.8114	188.1004	59468112.00	0.3442		3.6304	15.0000
0.2694	0.0733	0.3001	-0.2776	0.0068	0.0061	0.0046	0.0018	19	4669.8025	4667.8114	188.1004	59468112.00	0.3442		3.6304	15.0000
0.2694	0.0733	0.0763	-0.0538	0.0068	0.0061	0.0046	0.0018	19	4654.2704	4667.8552	148.5955	71613736.00	0.4300		2.6294	17.7500
0.2694	0.0733	0.3001	-0.2776	0.0068	0.0061	0.0046	0.0018	19	4669.8025	4667.8114	188.1004	59468112.00	0.3442		3.6304	15.0000
0.2694	0.0733	0.3941	-0.3716	0.0068	0.0061	0.0046	0.0018	19	4681.6396	5600.0775	251.5537	70212624.00	0.3496		3.4652	15.5250
0.2667	0.0760	0.2472	-0.2247	0.0068	0.0061	0.0046	0.0018	19	4664.3112	5228.7314	198.4581	70359888.00	0.4118		3.6109	16.4250
0.2694	0.0733	0.3001	-0.2776	0.0068	0.0061	0.0046	0.0018	19	4669.8025	4667.8114	188.1004	59468112.00	0.3442		3.6304	15.0000
0.2694	0.0733	-0.0362	0.0587	0.0068	0.0061	0.0046	0.0018	19	4653.3947	5140.5227	146.1545	83329920.00	0.5046		2.3614	20.9250
0.2694	0.0733	0.3001	-0.2776	0.0068	0.0061	0.0046	0.0018	19	4669.8025	4667.8114	188.1004	59468112.00	0.3442		3.6304	15.0000
0.2694	0.0733	0.3001	-0.2776	0.0068	0.0061	0.0046	0.0018	19	4669.8025	4667.8114	188.1004	59468112.00	0.3442		3.6304	15.0000
0.2694	0.0733	0.3001	-0.2776	0.0068	0.0061	0.0046	0.0018	19	4669.8025	4667.8114	188.1004	59468112.00	0.3442		3.6304	15.0000
0.2694	0.0733	0.1532	-0.1307	0.0068	0.0061	0.0046	0.0018	19	4657.5577	9556.5527	326.0158	139817632.00	0.8290		1.5376	23.7750
0.2721	0.0706	0.3001	-0.2776	0.0068	0.0061	0.0046	0.0018	19	4669.9965	4661.0183	188.4569	59125772.00	0.3418		3.6539	14.9750
0.2371	0.1056	0.3001	-0.2776	0.0068	0.0061	0.0046	0.0018	19	4667.8072	5043.9519	199.8812	63647320.00	0.3741		3.3181	15.7500
0.2694	0.0733	0.3244	-0.3019	0.0068	0.0061	0.0046	0.0018	19	4672.5690	9480.7070	389.8728	116490336.00	0.6716		1.8469	21.0250
0.2694	0.0733	0.3001	-0.2776	0.0068	0.0061	0.0046	0.0018	19	4669.8025	4667.8114	188.1004	59468112.00	0.3442		3.6304	15.0000
0.2694	0.0733	0.3001	-0.2776	0.0068	0.0061	0.0046	0.0018	19	4669.8025	4667.8114	188.1004	59468112.00	0.3442		3.6304	15.0000
0.2154	0.1273	0.3001	-0.2776	0.0068	0.0061	0.0046	0.0018	19	4666.8223	4932.8112	195.0121	61618764.00	0.3666		4.9857	15.7000
0.2694	0.0733	0.3001	-0.2776	0.0068	0.0061	0.0046	0.0018	19	4669.8025	4667.8114	188.1004	59468112.00	0.3442		3.6304	15.0000
0.2694	0.0733	0.3001	-0.2776	0.0068	0.0061	0.0046	0.0018	19	4669.8025	4667.8114	188.1004	59468112.00	0.3442		3.6304	15.0000
0.2298	0.1129	-0.0363	0.0588	0.0068	0.0061	0.0046	0.0018	19	4651.6335	7541.6358	208.8329	119934496.00	0.7352		1.6153	26.0250
0.2694	0.0733	0.3001	-0.2776	0.0068	0.0061	0.0046	0.0018	19	4669.8025	4667.8114	188.1004	59468112.00	0.3442		3.6304	15.0000
0.2694	0.0733	0.3001	-0.2776	0.0068	0.0061	0.0046	0.0018	19	4669.8025	4667.8114	188.1004	59468112.00	0.3442		3.6304	15.0000
0.2694	0.0733	0.3001	-0.2776	0.0068	0.0061	0.0046	0.0018	19	4669.8025	4667.8114	188.1004	59468112.00	0.3442		3.6304	15.0000
0.2317	0.1110	0.3001	-0.2776	0.0068	0.0061	0.0046	0.0018	19	4667.5382	5072.1406	200.8448	63545244.00	0.3751		4.8872	15.8250
0.2694	0.0733	0.3001	-0.2776	0.0068	0.0061	0.0046	0.0018	19	4669.8025	4667.8114	188.1004	59468112.00	0.3442		3.6304	15.0000
0.2694	0.0733	0.3001	-0.2776	0.0068	0.0061	0.0046	0.0018	19	4669.8025	4667.8114	188.1004	59468112.00	0.3442		3.6304	15.0000
0.2694	0.0733	0.3001	-0.2776	0.0068	0.0061	0.0046	0.0018	19	4669.8025	4667.8114	188.1004	59468112.00	0.3442		3.6304	15.0000
0.2694	0.0733	0.3001	-0.2776	0.0068	0.0061	0.0046	0.0018	19	4669.8025	4667.8114	188.1004	59468112.00	0.3442		3.6304	15.0000
0.1916	0.1511	0.3001	-0.2776	0.0068	0.0061	0.0046	0.0018	19	4666.0658	14463.3402	554.5837	184704192.00	1.1115		1.6333	27.1250
0.2694	0.0733	0.3001	-0.2776	0.0068	0.0061	0.0046	0.0018	19	4669.8025	4667.8114	188.1004	59468112.00	0.3442		3.6304	15.0000
0.2694	0.0733	0.1431	-0.1206	0.0068	0.0061	0.0046	0.0018	19	4657.0018	10879.2873	366.7170	160431168.00	0.9527		1.3091	25.5750
0.1610	0.1817	0.3001	-0.2776	0.0068	0.0061	0.0046	0.0018	19	4665.6491	4657.5567	184.3794	56771568.00	0.3462		5.1672	15.6000
0.2694	0.0733	0.3001	-0.2776	0.0068	0.0061	0.0046	0.0018	19	4669.8025	4667.8114	188.1004	59468112.00	0.3442		3.6304	15.0000
0.2694	0.0733	-0.0136	0.0361	0.0068	0.0061	0.0046	0.0018	19	4653.1951	4968.0723	144.3437	79381640.00	0.4824		2.3923	20.0500
0.2694	0.0733	0.3001	-0.2776	0.0068	0.0061	0.0046	0.0018	19	4669.8025	4667.8114	188.1004	59468112.00	0.3442		3.6304	15.0000
0.1888	0.1539	0.3001	-0.2776	0.0068	0.0061	0.0046	0.0018	19	4666.0013	16724.3554	638.7297	213453648.00	1.2862		1.4098	29.2000
0.2694	0.0733	0.3001	-0.2776	0.0068	0.0061	0.0046	0.0018	19	4669.8025	4667.8114	188.1004	59468112.00	0.3442		3.6304	15.0000
0.2694	0.0733	0.3001	-0.2776	0.0068	0.0061	0.0046	0.0018	19	4669.8025	4667.8114	188.1004	59468112.00	0.3442		3.6304	15.0000
0.2996	0.0431	0.3001	-0.2776	0.0068	0.0061	0.0046	0.0018	19	4672.4097	4661.8400	200.8986	56497612.00	0.3222		3.8502	14.8250
0.2292	0.1135	0.3001	-0.2776	0.0068	0.0061	0.0046	0.0018	19	4667.4163	5774.0933	227.8129	72526496.00	0.4286		4.2760	16.9000
0.2694	0.0733	0.3001	-0.2776	0.0068	0.0061	0.0046	0.0018	19	4669.8025	4667.8114	188.1004	59468112.00	0.3442		3.6304	15.0000
0.2694	0.0733	0.3001	-0.2776	0.0068	0.0061	0.0046	0.0018	19	4669.8025	4667.8114	188.1004	59468112.00	0.3442		3.6304	15.0000
0.2694	0.0733	0.3001	-0.2776	0.0068	0.0061	0.0046	0.0018	19	4669.8025	4667.8114	188.1004	59468112.00	0.3442		3.6304	15.0000
0.2694	0.0733	0.3001	-0.2776	0.0068	0.0061	0.0046	0.0018	19	4669.8025	4667.8114	188.1004	59468112.00	0.3442		3.6304	15.0000
0.2694	0.0733	0.3001	-0.2776	0.0068	0.0061	0.0046	0.0018	19	4669.8025	4667.8114	188.1004	59468112.00	0.3442		3.6304	15.0000
0.2619	0.0808	0.3001	-0.2776	0.0068	0.0061	0.0046	0.0018	19	4669.2804	7493.0780	297.8528	95647200.00	0.5556		2.2523	19.0250
0.2694	0.0733	0.2823	-0.2598	0.0068	0.0061	0.0046	0.0018	19	4667.9007	13465.3175	538.8942	173595840.00	1.0075		1.2478	25.7250
0.2694	0.0733	0.2718	-0.2493	0.0068	0.0061	0.0046	0.0018	19	4666.8378	4652.7699	181.9632	61464540.00	0.3571		4.2228	15.2500
0.2694	0.0733	0.3001	-0.2776	0.0068	0.0061	0.0046	0.0018	19	4669.8025	4667.8114	188.1004	59468112.00	0.3442		3.6304	15.0000
0.2694	0.0733	0.3001	-0.2776	0.0068	0.0061	0.0046	0.0018	19	4669.8025	4667.8114	188.1004	59468112.00	0.3442		3.6304	15.0000
0.2694	0.0733	0.3001	-0.2776	0.0068	0.0061	0.0046	0.0018	19	4669.8025	4667.8114	188.1004	59468112.00	0.3442		3.6304	15.0000
0.2694	0.0733	0.3001	-0.2776	0.0068	0.0061	0.0046	0.0018	19	4669.8025	4667.8114	188.1004	59468112.00	0.3442		3.6304	15.0000
0.2694	0.0733	0.3001	-0.2776	0.0068	0.0061	0.0046	0.0018	19	4669.8025	4667.8114	188.1004	59468112.00	0.3442		3.6304	15.0000
0.2694	0.0733	0.1269	-0.1044	0.0068	0.0061	0.0046	0.0018	19	4656.1903	4652.5563	156.1699	69554064.00	0.4141		2.9178	16.9750
0.2694	0.0733	0.3001	-0.2776	0.0068	0.0061	0.0046	0.0018	19	4669.8025	4667.8114	188.1004	59468112.00	0.3442		3.6304	15.0000
0.2694	0.0733	0.3001	-0.2776	0.0068	0.0061	0.0046	0.0018	19	4669.8025	4667.8114	188.1004	59468112.00	0.3442		3.6304	15.0000
0.2694	0.0733	0.3970	-0.3745	0.0068	0.0061	0.0046	0.0018	19	4682.0475	5526.9757	249.2162	69662160.00	0.3457		3.5316	15.4000
0.2694	0.0733	0.3001	-0.2776	0.0068	0.0061	0.0046	0.0018	19	4669.8025	4667.8114	188.1004	59468112.00	0.3442		3.6304	15.0000
0.2694	0.0733	0.3001	-0.2776	0.0068	0.0061	0.0046	0.0018	19	4669.8025	4667.8114	188.1004	59468112.00	0.3442		3.6304	15.0000
0.2694	0.0733	0.1291	-0.1066	0.0068	0.0061	0.0046	0.0018	19	4656.2931	4949.0333	166.3014	73705432.00	0.4387		2.7654	17.4500
0.1837	0.1590	0.0203	0.0022	0.0068	0.0061	0.0046	0.0018	19	4650.4758	9414.9574	272.9269	143250416.00	0.8987		1.2126	28.0250
0.2694	0.0733	-0.0684	0.0909	0.0068	0.0061	0.0046	0.0018	19	4654.0043	4653.3498	129.1871	77134384.00	0.4645		2.7218	20.7250
0.2788	0.0639	0.3001	-0.2776	0.0068	0.0061	0.0046	0.0018	19	4670.5099	5585.5348	234.6485	68593152.00	0.3953		3.1538	16.3250
0.2694	0.0733	0.3001	-0.2776	0.0068	0.0061	0.0046	0.0018	19	4669.8025	4667.8114	188.1004	59468112.00	0.3442		3.6304	15.0000
0.2694	0.0733	0.3001	-0.2776	0.0068	0.0061	0.0046	0.0018	19	4669.8025	4667.8114	188.1004	59468112.00	0.3442		3.6304	15.0000
0.2694	0.0733	0.3001	-0.2776	0.0068	0.0061	0.0046	0.0018	19	4669.8025	4667.8114	188.1004	59468112.00	0.3442		3.6304	15.0000
0.2694	0.0733	0.2831	-0.2606	0.0068	0.0061	0.0046	0.0018	19	4667.9861	5578.8600	220.2492	72442048.00	0.4204		2.9899	16.5500
0.1575	0.1852	0.3001	-0.2776	0.0068	0.0061	0.0046	0.0018	19	4665.6298	4659.3065	184.5482	56815576.00	0.3461		5.1591	15.6250
0.2694	0.0733	0.3969	-0.3744	0.0068	0.0061	0.0046	0.0018	19	4682.0306	6674.8095	300.1179	84170616.00	0.4178		2.9218	16.9250
0.2694	0.0733	0.1929	-0.1704	0.0068	0.0061	0.0046	0.0018	19	4660.1013	5457.8854	195.9563	77456152.00	0.4564		3.0686	17.4250
0.2694	0.0733	0.3787	-0.3562	0.0068	0.0061	0.0046	0.0018	19	4679.4894	5756.4304	253.5225	71548312.00	0.3696		3.2836	15.8750
0.2694	0.0733	0.3001	-0.2776	0.0068	0.0061	0.0046	0.0018	19	4669.8025	4667.8114	188.1004	59468112.00	0.3442		3.6304	15.0000
0.2694	0.0733	0.3001	-0.2776	0.0068	0.0061	0.0046	0.0018	19	4669.8025	4667.8114	188.1004	59468112.00	0.3442		3.6304	15.0000
0.2694	0.0733	0.3001	-0.2776	0.0068	0.0061	0.0046	0.0018	19	4669.8025	4667.8114	188.1004	59468112.00	0.3442		3.6304	15.0000
0.2694	0.0733	0.3001	-0.2776	0.0068	0.0061	0.0046	0.0018	19	4669.8025	4667.8114	188.1004	59468112.00	0.3442		3.6304	15.0000
0.1427	0.2000	0.3001	-0.2776	0.0068	0.0061	0.0046	0.0018	19	4665.6216	4905.5682	194.9934	59801064.00	0.3628		4.8825	16.1000
0.2960	0.0467	0.3001	-0.2776	0.0068	0.0061	0.0046	0.0018	19	4672.0724	4663.8914	200.3181	56669036.00	0.3238		3.8349	14.8500
0.1693	0.1734	0.3001	-0.2776	0.0068	0.0061	0.0046	0.0018	19	4665.7215	10245.0596	395.0985	127347424.00	0.7752		2.3183	23.0250
0.2694	0.0733	0.3001	-0.2776	0.0068	0.0061	0.0046	0.0018	19	4669.8025	4667.8114	188.1004	59468112.00	0.3442		3.6304	15.0000
0.1922	0.1505	0.3001	-0.2776	0.0068	0.0061	0.0046	0.0018	19	4666.0790	4663.8995	184.2415	58269708.00	0.3506		5.1773	15.4250
0.2694	0.0733	0.3001	-0.2776	0.0068	0.0061	0.0046	0.0018	19	4669.8025	4667.8114	188.1004	59468112.00	0.3442		3.6304	15.0000
0.2694	0.0733	0.2261	-0.2036	0.0068	0.0061	0.0046	0.0018	19	4662.6649	4738.4410	176.5921	65277568.00	0.3827		3.8444	15.8500
0.2694	0.0733	0.3001	-0.2776	0.0068	0.0061	0.0046	0.0018	19	4669.8025	4667.8114	188.1004	59468112.00	0.3442		3.6304	15.0000
0.2830	0.0597	0.3001	-0.2776	0.0068	0.0061	0.0046	0.0018	19	4670.8409	4666.3146	197.8621	57138260.00	0.3286		3.7905	14.9250
0.2694	0.0733	0.3001	-0.2776	0.0068	0.0061	0.0046	0.0018	19	4669.8025	4667.8114	188.1004	59468112.00	0.3442		3.6304	15.0000
0.2925	0.0502	0.3001	-0.2776	0.0068	0.0061	0.0046	0.0018	19	4671.7560	4667.4055	199.8281	56773032.00	0.3249		3.8248	14.8750
0.2694	0.0733	0.3001	-0.2776	0.0068	0.0061	0.0046	0.0018	19	4669.8025	4667.8114	188.1004	59468112.00	0.3442		3.6304	15.0000
0.2694	0.0733	0.3001	-0.2776	0.0068	0.0061	0.0046	0.0018	19	4669.8025	4667.8114	188.1004	59468112.00	0.3442		3.6304	15.0000
0.2694	0.0733	0.3001	-0.2776	0.0068	0.0061	0.0046	0.0018	19	4669.8025	4667.8114	188.1004	59468112.00	0.3442		3.6304	15.0000
0.2694	0.0733	0.3001	-0.2776	0.0068	0.0061	0.0046	0.0018	19	4669.8025	4667.8114	188.1004	59468112.00	0.3442		3.6304	15.0000
0.2694	0.0733	0.3001	-0.2776	0.0068	0.0061	0.0046	0.0018	19	4669.8025	4667.8114	188.1004	59468112.00	0.3442		3.6304	15.0000
0.1869	0.1558	0.3001	-0.2776	0.0068	0.0061	0.0046	0.0018	19	4665.9602	4660.0874	184.0393	58212984.00	0.3512		5.1582	15.4500
0.2580	0.0847	0.3001	-0.2776	0.0068	0.0061	0.0046	0.0018	19	4669.0259	5535.8501	220.6651	70698480.00	0.4115		3.0439	16.3750
0.2694	0.0733	0.1329	-0.1104	0.0068	0.0061	0.0046	0.0018	19	4656.4802	6187.8286	207.9003	92085336.00	0.5477		2.2311	19.4500
0.2694	0.0733	-0.0041	0.0266	0.0068	0.0061	0.0046	0.0018	19	4653.1678	4822.2874	141.4766	76573856.00	0.4660		2.4511	19.5500
0.2694	0.0733	-0.0451	0.0676	0.0068	0.0061	0.0046	0.0018	19	4653.5254	5264.3867	148.4172	85827496.00	0.5190		2.3299	21.4000
0.2694	0.0733	0.3001	-0.2776	0.0068	0.0061	0.0046	0.0018	19	4669.8025	4667.8114	188.1004	59468112.00	0.3442		3.6304	15.0000
0.2694	0.0733	0.1701	-0.1476	0.0068	0.0061	0.0046	0.0018	19	4658.5689	5121.4370	179.6546	74117144.00	0.4383		3.0218	17.1750
0.2694	0.0733	0.4032	-0.3807	0.0068	0.0061	0.0046	0.0018	19	4682.9453	5438.2294	247.1909	68728336.00	0.3362		3.6276	15.2250
0.2694	0.0733	0.3001	-0.2776	0.0068	0.0061	0.0046	0.0018	19	4669.8025	4667.8114	188.1004	59468112.00	0.3442		3.6304	15.0000
0.2694	0.0733	0.3001	-0.2776	0.0068	0.0061	0.0046	0.0018	19	4669.8025	4667.8114	188.1004	59468112.00	0.3442		3.6304	15.0000
0.2694	0.0733	0.3001	-0.2776	0.0068	0.0061	0.0046	0.0018	19	4669.8025	4667.8114	188.1004	59468112.00	0.3442		3.6304	15.0000
0.2694	0.0733	0.2461	-0.2236	0.0068	0.0061	0.0046	0.0018	19	4664.3997	5105.5162	194.1513	68654184.00	0.4013		3.7030	16.2250
0.2694	0.0733	0.3001	-0.2776	0.0068	0.0061	0.0046	0.0018	19	4669.8025	4667.8114	188.1004	59468112.00	0.3442		3.6304	15.0000
0.2694	0.0733	0.3001	-0.2776	0.0068	0.0061	0.0046	0.0018	19	4669.8025	4667.8114	188.1004	59468112.00	0.3442		3.6304	15.0000
0.2694	0.0733	0.3001	-0.2776	0.0068	0.0061	0.0046	0.0018	19	4669.8025	4667.8114	188.1004	59468112.00	0.3442		3.6304	15.0000
0.2694	0.0733	0.3001	-0.2776	0.0068	0.0061	0.0046	0.0018	19	4669.8025	4667.8114	188.1004	59468112.00	0.3442		3.6304	15.0000
